(['b_stars'], 35.303374502906344, [35.6677189129838, 35.67899328340925, 35.45825521120547, 35.3405903394323, 35.28503489592984, 34.92241179649503, 34.86361296963458, 35.15787848374894, 35.355874633317896])
(['b_review_count'], 44.11964786940153, [44.371054076310735, 44.57075580946499, 44.41380831587074, 44.2342829203016, 44.22827496757458, 43.939627885431946, 43.59752959341225, 44.27545742299081, 43.44603983325614])
(['b_review_count', 'b_stars'], 35.24542505892035, [35.238814164150426, 35.67899328340925, 35.45825521120547, 35.3405903394323, 35.28503489592984, 34.92241179649503, 34.77097272259393, 35.15787848374894, 35.355874633317896])
(['u_fans'], 44.26731920647333, [44.58035959374142, 44.57075580946499, 44.51527517370685, 44.35265961553308, 44.32400716447409, 44.06701150312669, 43.83427689140505, 44.42214158882113, 43.739385517986726])
(['u_fans', 'b_stars'], 35.15381402174566, [35.254254735108425, 35.56898015903652, 35.29061431565016, 35.23765408270928, 35.14606880365635, 34.802748398054504, 34.74009264024704, 35.04979541418976, 35.294117647058826])
(['u_fans', 'b_review_count'], 44.12170657824946, [44.37620093329674, 44.57075580946499, 44.41380831587074, 44.23685632671968, 44.21592242603916, 43.96278854319463, 43.59752959341225, 44.27545742299081, 43.44603983325614])
(['u_fans', 'b_review_count', 'b_stars'], 35.13340811177182, [35.08440845457041, 35.53616922720605, 35.286202713135545, 35.23508067629121, 35.155333209807914, 34.80660850768162, 34.74523932063819, 35.026634756427086, 35.32499614018836])
(['u_friends'], 44.28976956191897, [44.57178149876476, 44.588126302787, 44.56159700011029, 44.38096708613191, 44.34871224754493, 44.086312051262254, 43.85486361296964, 44.4453022465838, 43.770264011116254])
(['u_friends', 'b_stars'], 34.73049814371704, [34.32267362064233, 34.90890141280013, 34.728134995036946, 34.83105586865334, 34.92372305601877, 34.563421601173474, 34.52393206381883, 34.78730795954605, 34.98533271576348])
(['u_friends', 'b_review_count'], 44.140638289618124, [44.43453197913808, 44.58233613834633, 44.44248373221573, 44.25229676522813, 44.25298005064542, 43.982089091330195, 43.59752959341225, 44.27545742299081, 43.44603983325614])
(['u_friends', 'b_review_count', 'b_stars'], 34.72020884845864, [34.32267362064233, 34.92048174168146, 34.74798720635271, 34.81561543014488, 34.889753566796365, 34.5711418204277, 34.51878538342769, 34.74098664402069, 34.954454222633935])
(['u_friends', 'u_fans'], 44.29294517122378, [44.51516607191875, 44.58233613834633, 44.5329215837653, 44.38096708613191, 44.37959360138348, 44.113332818652054, 43.85486361296964, 44.47618312360071, 43.801142504245796])
(['u_friends', 'u_fans', 'b_stars'], 34.62899195336738, [34.12880867416964, 34.67150467073265, 34.56931730451087, 34.70238554774955, 34.78166882836143, 34.513240176021, 34.544518785383424, 34.81046861730873, 34.93901497606917])
(['u_friends', 'u_fans', 'b_review_count'], 44.146018948004816, [44.38134779028273, 44.555315370956535, 44.43807212970111, 44.280604235826964, 44.27150886294855, 43.99366942021153, 43.61811631497684, 44.29861808075349, 43.47691832638567])
(['u_friends', 'u_fans', 'b_review_count', 'b_stars'], 34.61805180776974, [34.10993686522097, 34.675364780359764, 34.59137531708393, 34.72554620551224, 34.75078747452288, 34.513240176021, 34.539372104992275, 34.74870686327492, 34.90813648293963])
(['u_average_stars'], 36.34141693426651, [36.05201756793851, 36.454875318459045, 36.47512959082387, 36.46259553771327, 36.54190599715891, 36.33521192001853, 36.28409675759136, 36.478035976221726, 35.98888374247336])
(['u_average_stars', 'b_stars'], 29.44309478767515, [29.45031567389514, 29.618621168841198, 29.615087680599977, 29.560719524434493, 29.62139460193935, 29.332973056434803, 29.10962429233145, 29.28279163128233, 29.396325459317584])
(['u_average_stars', 'b_review_count'], 36.283861014737425, [36.12235794674719, 36.27731027561183, 36.281019080180876, 36.33907202964564, 36.507936507936506, 36.37381301628967, 36.27895007720021, 36.55523816876399, 35.81905203026092])
(['u_average_stars', 'b_review_count', 'b_stars'], 29.397144249534076, [29.390269009058468, 29.57615996294295, 29.56214845042462, 29.529838647417588, 29.5627200296461, 29.29823206979078, 29.068450849202264, 29.25191075426542, 29.334568473058514])
(['u_average_stars', 'u_fans'], 36.3494368963024, [36.05201756793851, 36.4568053732726, 36.47512959082387, 36.45744872487712, 36.52337718485578, 36.33907202964564, 36.30468347915595, 36.50119663398441, 36.03520148216767])
(['u_average_stars', 'u_fans', 'b_stars'], 29.453821434198012, [29.45031567389514, 29.618621168841198, 29.65038050071688, 29.560719524434493, 29.63374714347477, 29.340693275689027, 29.119917653113742, 29.313672508299238, 29.396325459317584])
(['u_average_stars', 'u_fans', 'b_review_count'], 36.25159353873806, [36.081183090859184, 36.267660001544044, 36.21925664497629, 36.29275071412028, 36.483231424865664, 36.33907202964564, 36.25321667524447, 36.53979773025554, 35.78817353713139])
(['u_average_stars', 'u_fans', 'b_review_count', 'b_stars'], 29.38422239859466, [29.416003293988467, 29.5780900177565, 29.548913642880777, 29.522118428163356, 29.55036748811068, 29.267351192773877, 29.042717447246524, 29.228750096502743, 29.303689979928983])
(['u_average_stars', 'u_friends'], 36.38033121711294, [36.05201756793851, 36.454875318459045, 36.47512959082387, 36.454875318459045, 36.566611080229755, 36.36223268740832, 36.3973237261966, 36.54751794950977, 36.11239771499151])
(['u_average_stars', 'u_friends', 'b_stars'], 29.4456456062373, [29.44002195992314, 29.601250675519186, 29.652586301974193, 29.540132273089885, 29.61521833117164, 29.34455338531614, 29.114770972722592, 29.290511850536554, 29.411764705882355])
(['u_average_stars', 'u_friends', 'b_review_count'], 36.28418747300305, [36.12235794674719, 36.29275071412028, 36.278813278923565, 36.34164543606372, 36.49249583101723, 36.327491700764305, 36.2892434379825, 36.56295838801822, 35.84993052339046])
(['u_average_stars', 'u_friends', 'b_review_count', 'b_stars'], 29.39869725113684, [29.386837771067803, 29.59353045626496, 29.551119444138084, 29.522118428163356, 29.575072571181522, 29.27121130240099, 29.07874420998456, 29.290511850536554, 29.319129226493747])
(['u_average_stars', 'u_friends', 'u_fans'], 36.36768127999461, [36.08976118583585, 36.418204277001465, 36.442042571964265, 36.41627422218791, 36.52337718485578, 36.36223268740832, 36.3973237261966, 36.54751794950977, 36.11239771499151])
(['u_average_stars', 'u_friends', 'u_fans', 'b_stars'], 29.44310424749814, [29.422865769969803, 29.607040839959854, 29.645968898202273, 29.55042589876219, 29.624482737323206, 29.332973056434803, 29.094184251158, 29.29823206979078, 29.411764705882355])
(['u_average_stars', 'u_friends', 'u_fans', 'b_review_count'], 36.260742368995174, [36.10520175679385, 36.2695900563576, 36.223668247490906, 36.28245708844798, 36.48631956024952, 36.33907202964564, 36.258363355635616, 36.54751794950977, 35.834491276825695])
(['u_average_stars', 'u_friends', 'u_fans', 'b_review_count', 'b_stars'], 29.39927190158043, [29.424581388965137, 29.624411333281863, 29.548913642880777, 29.522118428163356, 29.547279352726825, 29.263491083146757, 29.053010808028823, 29.290511850536554, 29.319129226493747])
(['u_review_count'], 44.265603587478004, [44.56491902278342, 44.57075580946499, 44.51527517370685, 44.35265961553308, 44.32400716447409, 44.06701150312669, 43.83427689140505, 44.42214158882113, 43.739385517986726])
(['u_review_count', 'b_stars'], 35.292938057371934, [35.6677189129838, 35.67899328340925, 35.45825521120547, 35.3405903394323, 35.28503489592984, 34.887670809851, 34.81214616572311, 35.15015826449471, 35.355874633317896])
(['u_review_count', 'b_review_count'], 44.116450146916115, [44.383063409278066, 44.50706400061762, 44.42924892467189, 44.24972335881006, 44.203569884503736, 43.95120821431328, 43.6026762738034, 44.27545742299081, 43.44603983325614])
(['u_review_count', 'b_review_count', 'b_stars'], 35.241374192513895, [35.19077683228108, 35.68285339303636, 35.45825521120547, 35.3405903394323, 35.28503489592984, 34.914691577240795, 34.801852804940815, 35.14243804524049, 35.355874633317896])
(['u_review_count', 'u_fans'], 44.26309160520223, [44.58035959374142, 44.57075580946499, 44.51968677622146, 44.35265961553308, 44.32400716447409, 44.06315139349958, 43.83427689140505, 44.39898093105844, 43.72394627142195])
(['u_review_count', 'u_fans', 'b_stars'], 35.15942094960411, [35.25597035410376, 35.57284026866363, 35.33473034079629, 35.242800895545436, 35.17386202211105, 34.76800741141049, 34.719505918682444, 35.042075194935535, 35.32499614018836])
(['u_review_count', 'u_fans', 'b_review_count'], 44.10403457291712, [44.33674169640406, 44.508994055431174, 44.42263152089997, 44.260016984482355, 44.209746155271446, 43.8971666795337, 43.6026762738034, 44.26773720373659, 43.43060058669137])
(['u_review_count', 'u_fans', 'b_review_count', 'b_stars'], 35.11502302905146, [34.854515509195714, 35.553539720528065, 35.31267232822323, 35.24794770838158, 35.1707738867272, 34.79116806917317, 34.7143592382913, 35.04979541418976, 35.34043538675313])
(['u_review_count', 'u_friends'], 44.303255892799044, [44.558056546802085, 44.61128696054968, 44.56159700011029, 44.40412774389459, 44.37959360138348, 44.113332818652054, 43.85486361296964, 44.4453022465838, 43.801142504245796])
(['u_review_count', 'u_friends', 'b_stars'], 34.62484738866607, [34.0498902003843, 34.64448390334285, 34.62225653468622, 34.7718675210376, 34.74461120375517, 34.6020226974446, 34.52393206381883, 34.74098664402069, 34.9235757295044])
(['u_review_count', 'u_friends', 'b_review_count'], 44.13182718072428, [44.34188855339006, 44.53987493244808, 44.45351273850226, 44.29347126791735, 44.25915632141313, 43.9280475565506, 43.61811631497684, 44.29089786149927, 43.461479079820904])
(['u_review_count', 'u_friends', 'b_review_count', 'b_stars'], 34.62683965314702, [33.99499039253362, 34.737126534393575, 34.62225653468622, 34.7718675210376, 34.78784509912914, 34.58272214930904, 34.53422542460113, 34.71782598625801, 34.892697236374865])
(['u_review_count', 'u_friends', 'u_fans'], 44.29391576648323, [44.54604721383475, 44.61128696054968, 44.56159700011029, 44.40155433747652, 44.37959360138348, 44.113332818652054, 43.85486361296964, 44.42214158882113, 43.75482476455149])
(['u_review_count', 'u_friends', 'u_fans', 'b_stars'], 34.58605237065582, [34.0601839143563, 34.62325330039373, 34.50534906804897, 34.66635785789649, 34.729170526835894, 34.53254072415657, 34.52393206381883, 34.74098664402069, 34.892697236374865])
(['u_review_count', 'u_friends', 'u_fans', 'b_review_count'], 44.13057123373107, [44.34188855339006, 44.53408476800741, 44.45571853975957, 44.29604467433542, 44.25915632141313, 43.9280475565506, 43.62326299536799, 44.29089786149927, 43.44603983325614])
(['u_review_count', 'u_friends', 'u_fans', 'b_review_count', 'b_stars'], 34.59908620970833, [34.04817458138896, 34.64448390334285, 34.50534906804897, 34.73326642476646, 34.760051880674446, 34.51710028564811, 34.53422542460113, 34.75642708252914, 34.892697236374865])
(['u_review_count', 'u_average_stars'], 36.35390679277173, [36.17725775459786, 36.412414112560796, 36.479541193338484, 36.47546256980365, 36.53881786177506, 36.33521192001853, 36.28409675759136, 36.478035976221726, 36.00432298903814])
(['u_review_count', 'u_average_stars', 'b_stars'], 29.424200452533196, [29.47948119681581, 29.58002007257006, 29.579794860483073, 29.568439743688717, 29.571984435797667, 29.305952289045006, 29.09933093154915, 29.29823206979078, 29.334568473058514])
(['u_review_count', 'u_average_stars', 'b_review_count'], 36.24187409415099, [36.06574251990118, 36.22712885045935, 36.236903055034745, 36.27731027561183, 36.4739670187141, 36.319771481510074, 36.248069994853324, 36.57067860727244, 35.75729504400185])
(['u_review_count', 'u_average_stars', 'b_review_count', 'b_stars'], 29.38258208982974, [29.373112819105135, 29.57422990812939, 29.588618065512296, 29.516971615327208, 29.534926811191404, 29.28279163128233, 29.07874420998456, 29.25191075426542, 29.241932993669913])
(['u_review_count', 'u_average_stars', 'u_fans'], 36.362437034924405, [36.15667032665385, 36.43364471550992, 36.47512959082387, 36.45744872487712, 36.50484837255265, 36.34679224889987, 36.30468347915595, 36.50119663398441, 36.081519221861974])
(['u_review_count', 'u_average_stars', 'u_fans', 'b_stars'], 29.417752064309298, [29.441737578918474, 29.57615996294295, 29.56876585419654, 29.555572711598344, 29.593601383484653, 29.309812398672126, 29.1044776119403, 29.290511850536554, 29.319129226493747])
(['u_review_count', 'u_average_stars', 'u_fans', 'b_review_count'], 36.24698382605078, [36.06574251990118, 36.25028950822203, 36.243520458806664, 36.27473686919375, 36.45543820641097, 36.30819115262873, 36.258363355635616, 36.57839882652667, 35.78817353713139])
(['u_review_count', 'u_average_stars', 'u_fans', 'b_review_count', 'b_stars'], 29.381559185207706, [29.409140818007135, 29.572299853315837, 29.579794860483073, 29.504104583236828, 29.559631894262246, 29.275071412028105, 29.07874420998456, 29.244190535011192, 29.211054500540374])
(['u_review_count', 'u_average_stars', 'u_friends'], 36.39774922675517, [36.21671699149053, 36.408554002933684, 36.479541193338484, 36.472889163385574, 36.53881786177506, 36.431714660696365, 36.433350488934636, 36.54751794950977, 36.05064072873244])
(['u_review_count', 'u_average_stars', 'u_friends', 'b_stars'], 29.40821512559093, [29.443453197913804, 29.554929359993825, 29.59302966802691, 29.581306775779098, 29.575072571181522, 29.302092179417894, 29.083890890375706, 29.25191075426542, 29.28825073336421])
(['u_review_count', 'u_average_stars', 'u_friends', 'b_review_count'], 36.26749254811231, [36.10005489980785, 36.248359453408476, 36.24131465754935, 36.279883682029904, 36.47087888333024, 36.36995290666255, 36.268656716417915, 36.60927970354358, 35.81905203026092])
(['u_review_count', 'u_average_stars', 'u_friends', 'b_review_count', 'b_stars'], 29.393478112353105, [29.369681581114467, 29.566509688875165, 29.555531046652696, 29.491237551146455, 29.547279352726825, 29.302092179417894, 29.114770972722592, 29.275071412028105, 29.319129226493747])
(['u_review_count', 'u_average_stars', 'u_friends', 'u_fans'], 36.36655229923499, [36.15667032665385, 36.37381301628967, 36.442042571964265, 36.41627422218791, 36.50484837255265, 36.37381301628967, 36.433350488934636, 36.54751794950977, 36.05064072873244])
(['u_review_count', 'u_average_stars', 'u_friends', 'u_fans', 'b_stars'], 29.41115877334933, [29.44516881690914, 29.608970894773414, 29.570971655453842, 29.54527908592604, 29.593601383484653, 29.309812398672126, 29.07874420998456, 29.244190535011192, 29.303689979928983])
(['u_review_count', 'u_average_stars', 'u_friends', 'u_fans', 'b_review_count'], 36.26586759307817, [36.101770518803185, 36.24642939859492, 36.24131465754935, 36.27731027561183, 36.46161447717868, 36.37767312591678, 36.27380339680906, 36.60927970354358, 35.80361278369615])
(['u_review_count', 'u_average_stars', 'u_friends', 'u_fans', 'b_review_count', 'b_stars'], 29.403237806894154, [29.42801262695581, 29.58774029182429, 29.590823866769604, 29.504104583236828, 29.5627200296461, 29.29823206979078, 29.12506433350489, 29.259630973519645, 29.272811486799444])
